y_pred,prob_4,prob_6,prob_9,prob_10,prob_11,prob_13,prob_14,prob_941,prob_961,prob_1121
941,0.31000954455528995,0.0009882559700113553,0.007906522486428154,0.0001231549064383603,2.4092891156653844e-05,0.002443087244903196,0.0010946551053121099,0.6748391999825759,0.001435561669492544,0.0011359251883915505
941,0.4471567631245229,0.0010820000471559608,0.01854403375326775,0.00012307079979290305,1.4585830292524865e-05,0.005232942003963231,0.0020166346665373455,0.5160214266437886,0.008572870251042246,0.0012356728796368963
941,0.4259084073112925,0.0011024766937407968,0.015845456371791123,0.00014302108598294248,1.9837598741080018e-05,0.0041396419558788,0.0022543374554541418,0.5423765459928562,0.006670165528200118,0.0015401100060622363
14,3.998695074266964e-15,0.02148230436164162,3.5200212099398764e-11,0.002366100381283433,2.0160631319884644e-15,1.6020953546245132e-21,0.9761147131578143,7.858163012714046e-136,3.688206405387803e-05,4.088956030770471e-275
13,3.9633786531302716e-127,0.0012391887647874552,0.01824274689471601,0.17296695466135278,1.4505541804913242e-76,0.5613295688332299,0.0001738515625331367,1.0031531689196828e-159,0.17946735888177473,0.06658033040160667
941,0.4066395665306047,0.0010358114505270037,0.014452452780224091,0.00010489536125430633,1.1108938726413228e-05,0.00475879041286601,0.0013326880271023692,0.5672178917458858,0.0035693729801037034,0.0008774217727056469
941,0.438207357902261,0.0014134918620911645,0.01743877148291921,0.00010607271913107829,1.1381651188922907e-05,0.0056622542320377885,0.0012088001256875332,0.5320044099511442,0.0032374969083770306,0.0007099631651618461
941,0.3797116940216473,0.00214894542344091,0.0026878738299577084,0.0003438590008676261,0.000331558984539332,0.0004207741172785013,0.00216802685392366,0.6077304272955213,5.0280835750299505e-05,0.004406559637073252
4,0.7373706013165243,0.0042966300628205925,0.008231326211209419,0.0005828598685991143,0.00017023992657369915,0.005574083009946265,0.0032778725356978054,0.23614384759788862,4.6098574975241956e-05,0.004306440895765452
13,1.1321853990172119e-48,0.0039032616470833135,7.35747924433262e-05,0.37308010190413776,8.378360173379459e-16,0.6204487845492428,0.002494277032500145,1.406619101084594e-171,7.459345732585909e-11,5.654680511332801e-221
4,0.7078545512049343,0.0027166259474978235,0.031157170750255366,0.0002876779038549199,4.51547949612631e-05,0.005010803848769637,0.0073855243864666565,0.23594741925923338,0.004642374054644041,0.0049526978493823854
9,5.84417878010048e-14,0.0026626653329234556,0.8329664476031183,0.013619850608304705,9.57927725420345e-24,0.01065119504669278,0.14006877593843603,5.915350181941256e-133,3.106547046661139e-05,5.495562620574433e-249
13,2.49348835375861e-126,0.0012879044571078413,0.01804956357010382,0.17265469261803137,2.0472772060617996e-76,0.5285808939090118,0.000189567032928382,1.4297066489958655e-158,0.19841708021596413,0.08082029819685133
941,0.27163818231964537,0.0008247848970201406,0.0014768021251743246,0.00011135778995129947,2.6541734515641132e-05,0.0017571301089152338,0.00024815290917579527,0.723519141475851,9.899390882714606e-06,0.0003880072488677198
10,7.75807892382234e-116,5.790307962481015e-05,3.812545722502254e-12,0.99992492147562,7.214602739567646e-06,3.225311602828181e-07,9.638307002202302e-06,4.1495639414707746e-302,3.915749139319722e-14,4.4538082689235907e-271
4,0.948968719663059,0.008382709244465474,0.0002318835216937638,0.001786950488145547,0.0033207426991221254,0.002461468263647559,0.0004402011871099864,0.03211238370872777,5.336676693279075e-10,0.0022949406903610536
941,0.324127094420446,0.001730497564440344,0.0038946240961686743,0.0002713988118928736,0.00017064758572943827,0.0006249768191704799,0.00219174540669881,0.6623251264690081,0.00014039694340086997,0.004523491883044673
941,0.012757200259616009,2.306499439242543e-06,6.261030790948972e-12,3.9316300959878254e-07,1.0230085393573862e-05,2.0236855934633676e-07,5.731028028858385e-10,0.9872296604465219,1.5062564732924554e-24,6.59809707479047e-09
4,0.5847302270579886,0.0009570388652371044,0.018743979641774617,0.00012434733834924022,1.6224865729280252e-05,0.006163230519990569,0.005074631088515106,0.3728937573922249,0.009107793702366406,0.002188769527824334
4,0.7238375508881375,0.004295080409116374,0.008455114269468458,0.0005830167574479433,0.0001677980209249519,0.005642698784836587,0.0033212636797564942,0.24884144655327126,4.942220659475699e-05,0.004806608430446485
941,0.45633958156248927,0.0010905412586579581,0.018885781984638996,0.00012415095714532638,1.4400864786356619e-05,0.005324523125598416,0.002093364656207517,0.506119133812573,0.008762991948141627,0.0012455298297615676
4,0.9146857972709602,0.006800165228337277,0.0002773567170941093,0.0013801714678384985,0.002512748355034536,0.0023608668336037968,0.000495047009695966,0.06873582058912238,1.6030431021606183e-09,0.0027520249252707845
941,0.30662676943363987,0.0016060948558767197,0.0036514667998933364,0.00025176444338673946,0.00016153073303800397,0.000579804824580728,0.0020674975303178584,0.6805707713858186,0.0001367564733833739,0.004347543520064746
941,0.11575452415275335,0.0002980902500339605,8.884704679955706e-06,4.8031038308203264e-05,4.742313924474705e-05,0.00011331654692309421,1.534113592398941e-05,0.8836503777279593,3.856427008464008e-11,6.401126560893852e-05
14,6.959353095216405e-07,0.00019395468895692586,1.1909504634852347e-27,4.955465808414294e-07,7.4793919348992945e-16,4.1125769822723716e-52,0.9998048427324591,7.507478855040481e-182,1.1096692421766976e-08,0.0
4,0.5271740695029182,0.0011061487266505296,0.02660221297071709,7.093805182375676e-05,5.868426699175453e-06,0.008957982608386664,0.001349552861384428,0.42130688283640866,0.012976184766484633,0.0004501592485265322
961,3.956262409971184e-42,0.004357550078488722,8.315611351403185e-11,0.013044681868643677,8.078732577191092e-21,2.0920095692947747e-21,0.2435747134069346,1.931514759579184e-81,0.7390230545627764,1.2068054442033142e-59
941,0.3899096380321664,0.001180962812864718,0.018664823269219987,0.00011851430218606782,1.657756523656693e-05,0.005004792800668758,0.0014294580384517658,0.5763620718625203,0.006363327383931289,0.0009498339327540208
4,0.7853192844099698,0.0044905718357605515,0.031057824191912723,0.0005639415471442813,0.00011029830878795324,0.009777304393018138,0.008366856991808525,0.14920173075212326,0.0017632697154333424,0.009348917854042162
941,0.42786009739795966,0.0010899104558701048,0.017806790685788998,0.00012359623665462424,1.589417405362099e-05,0.0048291713376919536,0.001888080881689953,0.5376606572492552,0.007518516295334106,0.0012072852857017574
4,0.5055495118404066,0.0012013510661381859,0.035364738987461695,5.469100373723152e-05,4.676508480138205e-06,0.012335886869939494,0.000914832943183515,0.4290146625182301,0.015298111427188111,0.00026153683523492965
941,0.4060222508979382,0.0012636223864251476,0.019312775472524496,0.00012317791965758587,1.819766099241268e-05,0.0051332080298796805,0.0014050214496511171,0.5600510915252853,0.005836554596216657,0.0008341000614298012
941,0.13463766041777134,0.0004041243472359919,4.395418878130505e-05,6.329434819304684e-05,4.771718256610364e-05,0.00019257579241718754,4.783033834543257e-05,0.864405561224438,1.9506589402911e-09,0.00015728020959262213
4,0.4849311777412287,0.0012487160414470656,0.032782958789243,5.9982924334837786e-05,5.423286869528823e-06,0.011325391555050393,0.0008714608402443017,0.4561789933836476,0.012312100977069062,0.0002837944608650755
4,0.5062768776140565,0.0010349034427657449,0.03230800061247884,5.7260548570389496e-05,4.642599387081268e-06,0.011236148072172936,0.001111454118889554,0.4332053615423586,0.014438728864864022,0.0003266225844557825
4,0.5612151395175441,0.0008858718382302539,0.022579491870303076,6.925305802896707e-05,5.305282904285453e-06,0.008461333516136212,0.0017302452110028366,0.39203875448450054,0.012432555055832554,0.0005820501655179295
14,1.0244547316447036e-31,0.2001659366155488,1.7732218525210816e-10,0.041317125445416006,2.21915390022474e-05,6.267506046252664e-15,0.7584947457877343,1.1445013145586245e-196,4.3497010093198303e-10,0.0
